0,
1,
5,
11,
20,
31,
45,
61,
79,
100,
124,
150,
178,
209,
242,
278,
316,
357,
400,
445,
493,
543,
596,
651,
708,
768,
830,
895,
961,
1031,
1102,
1176,
1252,
1330,
1411,
1494,
1579,
1666,
1756,
1848,
1942,
2038,
2137,
2237,
2340,
2445,
2552,
2661,
2772,
2885,
3000,
3117,
3236,
3358,
3481,
3606,
3733,
3862,
3993,
4125,
4260,
4396,
4535,
4675,
4816,
4960,
5105,
5252,
5401,
5551,
5703,
5857,
6012,
6169,
6327,
6487,
6648,
6811,
6975,
7140,
7308,
7476,
7646,
7817,
7989,
8163,
8338,
8514,
8691,
8869,
9049,
9230,
9411,
9594,
9778,
9963,
10149,
10335,
10523,
10712,
10901,
11091,
11282,
11474,
11667,
11860,
12054,
12249,
12444,
12640,
12836,
13033,
13230,
13428,
13627,
13826,
14025,
14224,
14424,
14624,
14825,
15025,
15226,
15427,
15628,
15830,
16031,
16232,
16434,
16635,
16837,
17038,
17239,
17440,
17641,
17842,
18043,
18243,
18443,
18643,
18842,
19041,
19239,
19438,
19635,
19833,
20029,
20225,
20421,
20616,
20810,
21004,
21197,
21389,
21580,
21771,
21961,
22150,
22338,
22525,
22711,
22897,
23081,
23264,
23447,
23628,
23808,
23987,
24165,
24342,
24517,
24691,
24864,
25036,
25206,
25375,
25543,
25710,
25874,
26038,
26200,
26360,
26520,
26677,
26833,
26987,
27140,
27291,
27441,
27588,
27735,
27879,
28022,
28163,
28302,
28439,
28575,
28708,
28840,
28970,
29098,
29224,
29348,
29470,
29591,
29709,
29825,
29939,
30051,
30161,
30269,
30375,
30479,
30580,
30680,
30777,
30872,
30965,
31056,
31145,
31231,
31315,
31397,
31476,
31553,
31628,
31701,
31771,
31839,
31905,
31968,
32029,
32088,
32144,
32198,
32249,
32298,
32345,
32389,
32431,
32470,
32507,
32542,
32574,
32603,
32631,
32655,
32678,
32697,
32715,
32730,
32742,
32752,
32759,
32764,
32767,
